0
0
0
0
0
0
0
0
0
0
0
0
0
1
4
5
2
8
7
0
2
2
4
3
3
3
3
2
2
8
7
5
5
2
4
4
1
5
0
4
1
3
8
7
5
3
2
3
3
2
4
3
3
3
6
2
9
7
6
7
6
5
5
3
4
7
2
3
1
8
6
8
2
4
1
3
6
5
3
3
7
6
5
2
4
6
4
5
4
5
5
6
3
5
2
3
4
9
9
1
2
3
4
2
4
3
4
5
1
5
4
3
2
6
7
4
4
3
3
4
6
5
6
4
4
4
1
3
9
2
2
3
7
6
5
4
5
3
3
2
2
8
1
5
7
6
8
8
4
5
7
5
5
14
4
7
8
4
4
4
5
7
3
7
5
7
4
8
2
4
1
4
1
6
6
3
5
6
6
3
9
9
4
8
3
4
6
4
6
3
7
3
4
4
4
4
7
4
2
6
5
5
3
2
5
7
1
6
4
6
8
9
4
3
4
9
10
4
4
2
6
6
5
9
6
6
4
5
8
2
1
5
1
1
3
9
2
7
4
9
3
6
5
5
5
8
3
6
8
3
6
4
5
8
4
6
6
3
5
4
3
2
1
5
7
4
5
7
4
6
2
4
5
6
2
8
3
5
2
7
5
7
7
5
7
8
6
1
9
3
3
3
4
4
5
6
5
8
14
2
4
5
1
11
3
5
4
7
6
6
5
5
3
4
7
7
6
9
5
7
7
4
9
3
8
4
5
6
3
7
6
7
5
4
3
5
7
4
8
8
6
4
7
5
2
7
5
5
5
9
7
5
6
9
6
6
4
6
5
5
3
3
3
8
3
5
3
8
9
7
7
5
5
8
6
4
6
9
8
7
10
6
9
5
9
10
5
6
9
7
7
5
9
7
3
5
13
6
5
3
4
6
6
7
6
4
1
6
8
7
12
9
4
4
7
8
7
6
6
10
7
13
4
1
6
5
1
7
4
6
6
5
3
6
5
9
5
9
4
2
8
8
6
12
3
3
9
5
7
4
8
3
1
5
6
4
6
9
6
4
7
5
2
9
9
7
6
5
4
4
7
6
2
8
7
6
11
4
5
4
8
5
11
7
9
4
7
8
6
6
5
8
5
5
4
7
4
3
5
10
7
6
6
3
8
5
4
7
4
8
6
5
4
7
5
5
9
3
5
10
11
3
5
8
10
1
6
6
7
6
9
4
9
7
6
7
8
6
5
11
10
6
4
7
4
3
10
5
8
11
7
9
7
9
7
7
5
3
8
5
10
7
5
4
8
9
5
10
9
6
2
10
11
7
12
7
8
8
8
3
6
7
9
4
9
10
8
7
6
5
6
3
10
8
8
8
3
3
6
5
10
7
4
10
5
7
6
10
7
13
8
7
6
7
7
7
3
7
8
13
8
12
6
8
2
8
12
14
5
9
7
4
10
3
12
7
8
4
7
3
10
5
9
8
10
7
7
7
11
4
9
7
7
7
13
6
5
9
7
10
5
9
15
3
9
10
8
8
7
12
5
6
7
10
3
6
8
9
10
8
13
7
9
8
10
6
8
9
7
12
5
6
5
8
7
7
10
7
10
7
10
6
7
5
8
13
6
13
6
11
6
14
5
6
12
15
9
8
10
7
10
4
9
9
10
11
6
12
14
8
13
10
7
12
7
9
5
12
10
11
11
11
10
5
11
7
9
15
10
9
7
8
8
6
7
10
10
12
6
12
5
12
7
9
6
7
15
11
9
18
10
9
13
14
10
15
12
8
11
6
6
14
12
5
7
14
11
8
8
11
5
9
9
14
4
14
5
7
8
12
9
7
7
12
10
13
12
6
15
11
12
7
8
9
7
2
11
11
11
12
6
8
13
9
9
7
16
16
13
6
15
11
9
14
11
14
11
11
6
9
13
10
13
10
13
12
10
16
7
9
8
6
16
7
4
5
10
12
7
9
8
6
16
15
9
10
17
10
4
6
10
14
13
7
17
9
18
14
14
8
11
12
12
8
14
9
11
13
10
10
13
18
15
12
14
8
7
17
11
8
11
15
9
13
8
8
11
11
14
10
16
14
12
14
10
15
18
4
10
17
20
14
13
18
11
15
15
20
11
11
12
12
13
14
15
10
10
15
9
12
12
13
9
11
20
13
12
10
15
15
17
13
16
14
20
12
18
15
12
21
19
21
11
15
11
10
17
13
25
13
10
11
15
17
11
14
12
10
8
15
17
17
15
17
16
13
11
15
15
16
13
18
7
13
16
16
20
14
17
19
16
22
10
10
14
13
17
13
13
12
12
11
16
20
14
18
12
15
18
23
25
21
15
7
21
20
14
20
17
20
21
17
18
17
18
20
12
22
18
17
14
16
13
16
12
19
18
16
17
18
15
18
22
17
21
27
22
20
27
22
20
17
21
21
15
29
22
23
21
23
28
23
27
19
23
19
14
21
22
23
25
27
26
29
24
21
21
24
20
27
20
22
29
26
27
26
29
21
34
22
23
22
33
26
26
24
23
26
32
24
21
34
27
26
28
24
24
30
33
28
23
27
32
41
35
34
32
32
34
29
23
32
31
36
37
46
27
34
38
53
32
34
39
34
32
37
40
40
36
34
37
45
50
35
40
41
41
41
56
43
46
43
51
50
37
51
41
54
58
44
47
57
57
59
51
56
48
58
52
61
52
77
59
65
52
61
68
71
70
66
70
64
68
63
66
59
62
61
79
75
55
70
75
67
79
67
92
75
75
77
76
75
82
71
80
76
95
74
69
78
85
78
59
67
63
71
69
75
62
55
65
57
61
50
55
64
52
73
57
48
58
56
40
42
45
43
37
41
51
31
50
30
43
42
46
39
41
47
29
39
44
36
38
33
34
33
27
29
35
30
31
32
35
33
32
23
25
30
39
32
34
32
33
36
36
37
35
29
25
43
33
34
34
30
43
52
48
53
60
50
49
46
56
71
65
75
70
89
94
92
113
124
128
163
169
198
221
239
256
297
306
308
351
409
381
452
404
395
414
362
307
308
258
248
214
190
185
169
186
174
144
161
155
154
154
168
173
161
208
189
168
198
213
254
259
254
283
282
335
405
437
488
536
589
739
828
874
1057
1236
1372
1548
1717
1932
2067
2468
2601
2862
2916
3173
3242
3236
3279
3127
2960
2756
2542
2250
1982
1867
1557
1500
1334
1261
1203
1271
1315
1315
1388
1479
1671
1870
2077
2296
2678
3025
3594
4102
4653
5517
6515
7312
8403
9624
11111
12714
14210
15588
17429
18892
20336
21184
21967
22392
21870
20731
19743
18085
16002
13619
11348
9206
7094
5472
4130
3054
2524
1861
1516
1304
1134
973
925
879
778
712
739
670
651
688
690
664
678
641
633
589
636
624
609
553
579
510
518
523
454
382
396
345
309
334
267
286
264
262
272
268
266
267
220
258
224
209
183
157
170
104
119
97
80
49
39
24
17
10
10
5
3
2
3
3
1
0
1
0
0
0
1
0
3
1
0
2
0
1
2
1
2
1
0
1
0
1
2
0
1
1
0
2
0
0
1
2
0
1
1
1
1
0
1
4
1
0
0
1
2
1
0
1
2
1
1
2
0
1
0
0
0
0
1
0
1
0
1
1
0
0
1
0
0
1
2
0
0
0
0
0
0
0
0
0
0
1
1
0
0
0
0
0
0
0
0
0
0
0
0
2
1
2
0
0
0
0
0
0
0
0
0
0
0
0
0
0
1
3
1
1
1
0
0
0
1
0
0
0
0
1
2
0
0
0
0
0
0
0
0
0
0
0
0
0
0
0
0
0
0
0
0
0
0
0
0
0
0
0
0
0
1
0
0
0
1
0
0
0
0
0
0
0
0
0
0
0
2
0
0
0
1
0
0
1
0
0
0
0
0
0
0
0
0
0
0
0
1
0
0
0
1
0
0
0
0
0
0
0
0
0
0
0
0
1
0
0
0
0
0
1
1
0
0
0
0
0
1
0
1
0
0
0
0
0
0
0
0
0
0
0
0
0
0
0
0
0
0
1
0
0
0
0
0
1
0
0
0
0
0
0
1
0
0
1
0
0
0
0
0
0
1
0
1
0
0
0
0
0
0
0
0
0
1
1
1
0
0
0
0
0
0
0
0
0
0
0
0
1
0
0
0
0
0
0
0
0
0
0
0
0
0
0
0
0
0
0
0
0
0
0
0
0
0
1
0
0
0
0
0
0
0
0
0
0
0
0
0
0
0
0
0
0
0
0
0
0
0
0
0
0
0
0
0
0
0
0
0
0
0
0
0
0
1
0
0
0
0
0
1
0
0
0
0
0
0
0
0
0
0
0
0
0
0
0
0
0
0
0
0
0
0
0
0
0
0
0
0
0
0
0
0
0
0
0
0
0
0
0
0
0
0
0
0
0
0
0
0
0
0
0
0
0
0
0
0
0
0
0
0
0
0
0
0
0
0
0
0
0
0
0
0
0
0
0
0
0
0
0
0
0
0
0
0
0
1
0
0
0
0
0
0
0
0
0
0
0
1
1
0
0
0
0
0
0
0
0
0
0
0
0
0
0
0
0
0
0
0
0
0
0
0
0
0
0
0
0
0
0
0
0
0
0
0
0
0
0
0
0
0
0
0
0
0
0
0
0
0
0
0
0
0
0
0
0
0
0
0
0
0
0
0
0
0
0
0
0
0
0
0
0
0
0
0
0
0
0
0
0
0
0
0
0
0
