12
13
14
15
16
17
18
19
20
21
22
23
24
25
26
27
27.10
27.20
27.30
27.40
27.50
28.00
28.10
28.20
28.30
28.40
28.50
29.00
30.00
30.10
30.20
30.30
30.40
30.50
31.00
31.10
31.20
31.30
31.40
31.50
32.00
32.10
32.20
0.3
0.3
0.3
0.3
0.3
0.3
0.3
0.3
0.3
0.3
0.3
0.3
0.3
0.3
0.3
0.3
0.1
0.1
0.1
0.1
0.1
0.1
0.1
0.1
0.1
0.1
0.1
0.1
0.1
0.1
0.1
0.1
0.1
0.1
0.1
0.1
0.1
0.1
0.1
0.1
0.1
0.1
0.1
0.875
1.275
1.550
1.625
1.750
2.450
2.175
2.450
2.200
2.350
2.025
2.225
2.550
3.125
2.200
3.175
3.625
5.025
7.125
8.000
10.375
10.025
9.975
8.725
6.900
5.175
3.925
2.625
4.325
6.700
11.250
14.425
30.850
39.925
45.500
48.475
42.375
34.150
23.625
14.875
7.175
3.625
3.350
0.025
0.325
0.050
0.275
0.100
0.050
0.375
0.000
0.150
0.000
0.125
0.225
0.150
0.025
0.050
0.125
0.075
0.225
0.025
0.700
0.675
0.275
0.825
0.275
0.100
0.125
0.325
0.025
0.425
0.300
0.500
0.275
0.550
1.175
0.050
0.225
1.925
0.450
0.375
0.075
0.125
0.075
0.150