0.10
0.25
0.35
0.50
0.60
0.75
0.85
1.10
1.25
1.50
1.60
1.75
2.00
2.50
3.00
3.50
2.60
2.75
2.85
1.35
1.85
2.10
2.25
2.35
3.10
3.25
3.35
1.00
0.01
0.01
0.01
0.01
0.01
0.01
0.01
0.01
0.01
0.01
0.01
0.01
0.01
0.01
0.01
0.01
0.01
0.01
0.01
0.01
0.01
0.01
0.01
0.01
0.01
0.01
0.01
0.01
1414.8
615.9
432.4
297.6
246.2
198.3
171.6
121.8
104.3
75.6
73.1
61.9
51.9
31.4
22.4
15.8
33.5
29.8
29.9
99.0
62.9
50.2
44.6
43.3
22.6
21.4
18.8
138.7
9.6
1.1
3.0
1.7
5.2
1.7
2.3
0.3
0.1
1.2
1.2
2.6
0.3
0.5
0.9
0.3
0.7
0.6
1.1
0.9
0.6
0.4
0.4
0.4
1.0
0.2
0.2
1.5