0.20943951
0.212348392
0.215257274
0.218166156
0.221075039
0.223983921
0.226892803
0.229801685
0.232710567
0.235619449
0.238528331
0.241437213
0.244346095
0.00319977
0.00319977
0.00319977
0.00319977
0.00319977
0.00319977
0.00319977
0.00319977
0.00319977
0.00319977
0.00319977
0.00319977
0.00319977
1.883333333
1.925
1.908333333
1.758333333
1.816666667
2.05
2.266666667
2.2
2.016666667
2.283333333
2.258333333
2.15
2.025
0.116666671
0.258333335
0.02500002
0.258333335
0.183333336
0.133333338
0.116666673
0.116666672
0.03333335
0.116666673
0.025000028
0.183333337
0.025000023